8h patch test x
16	1	1	1
1	1	1	1	0	0	0
2	0	1	1	1	0	0
3	0	0	0	1	1	0
4	0	0	0	0	1	0
5	1	1	0	0	0	1
6	0	1	0	1	0	1
7	0	0	0	1	1	1
8	0	0	0	0	1	1
9	0	0	0	0.2	0.2	0.2
10	0	0	0	0.8	0.2	0.2
11	0	0	0	0.8	0.8	0.2
12	0	0	0	0.2	0.8	0.2
13	0	0	0	0.2	0.2	0.8
14	0	0	0	0.8	0.2	0.8
15	0	0	0	0.8	0.8	0.8
16	0	0	0	0.2	0.8	0.8
1	4
3	2	25
4	2	25
7	2	25
8	2	25
2	7	1
1	1e7	0.3	0
1	1	2	10	9	5	6	14	13	1
2	13	14	15	16	5	6	7	8	1
3	10	2	3	11	14	6	7	15	1
4	12	11	3	4	16	15	7	8	1
5	1	2	3	4	9	10	11	12	1
6	1	9	12	4	5	13	16	8	1
7	9	10	11	12	13	14	15	16	1
