Cables to test STAP90
81		1		1		1
1	1	1	1	0	0	0
2	0	0	1	0.25	0	0
3	0	0	1	0.5	0	0
4	0	0	1	0.75	0	0
5	0	0	1	1	0	0
6	0	0	1	1.25	0	0
7	0	0	1	1.5	0	0
8	0	0	1	1.75	0	0
9	0	0	1	2	0	0
10	1	1	1	0	0.25	0
11	0	0	1	0.25	0.25	0
12	0	0	1	0.5	0.25	0
13	0	0	1	0.75	0.25	0
14	0	0	1	1	0.25	0
15	0	0	1	1.25	0.25	0
16	0	0	1	1.5	0.25	0
17	0	0	1	1.75	0.25	0
18	0	0	1	2	0.25	0
19	1	1	1	0	0.5	0
20	0	0	1	0.25	0.5	0
21	0	0	1	0.5	0.5	0
22	0	0	1	0.75	0.5	0
23	0	0	1	1	0.5	0
24	0	0	1	1.25	0.5	0
25	0	0	1	1.5	0.5	0
26	0	0	1	1.75	0.5	0
27	0	0	1	2	0.5	0
28	1	1	1	0	0.75	0
29	0	0	1	0.25	0.75	0
30	0	0	1	0.5	0.75	0
31	0	0	1	0.75	0.75	0
32	0	0	1	1	0.75	0
33	0	0	1	1.25	0.75	0
34	0	0	1	1.5	0.75	0
35	0	0	1	1.75	0.75	0
36	0	0	1	2	0.75	0
37	1	1	1	0	1	0
38	0	0	1	0.25	1	0
39	0	0	1	0.5	1	0
40	0	0	1	0.75	1	0
41	0	0	1	1	1	0
42	0	0	1	1.25	1	0
43	0	0	1	1.5	1	0
44	0	0	1	1.75	1	0
45	0	0	1	2	1	0
46	1	1	1	0	1.25	0
47	0	0	1	0.25	1.25	0
48	0	0	1	0.5	1.25	0
49	0	0	1	0.75	1.25	0
50	0	0	1	1	1.25	0
51	0	0	1	1.25	1.25	0
52	0	0	1	1.5	1.25	0
53	0	0	1	1.75	1.25	0
54	0	0	1	2	1.25	0
55	1	1	1	0	1.5	0
56	0	0	1	0.25	1.5	0
57	0	0	1	0.5	1.5	0
58	0	0	1	0.75	1.5	0
59	0	0	1	1	1.5	0
60	0	0	1	1.25	1.5	0
61	0	0	1	1.5	1.5	0
62	0	0	1	1.75	1.5	0
63	0	0	1	2	1.5	0
64	1	1	1	0	1.75	0
65	0	0	1	0.25	1.75	0
66	0	0	1	0.5	1.75	0
67	0	0	1	0.75	1.75	0
68	0	0	1	1	1.75	0
69	0	0	1	1.25	1.75	0
70	0	0	1	1.5	1.75	0
71	0	0	1	1.75	1.75	0
72	0	0	1	2	1.75	0
73	1	1	1	0	2	0
74	0	0	1	0.25	2	0
75	0	0	1	0.5	2	0
76	0	0	1	0.75	2	0
77	0	0	1	1	2	0
78	0	0	1	1.25	2	0
79	0	0	1	1.5	2	0
80	0	0	1	1.75	2	0
81	0	0	1	2	2	0

1		9
9	1	2.5
18	1	5
27	1	5
36	1	5
45	1	5
54	1	5
63	1	5
72	1	5
81	1	2.5

5		64		1
1		3E7	    0.3     1       0       1
1	1	2	11	10	1
2	2	3	12	11	1
3	3	4	13	12	1
4	4	5	14	13	1
5	5	6	15	14	1
6	6	7	16	15	1
7	7	8	17	16	1
8	8	9	18	17	1
9	10	11	20	19	1
10	11	12	21	20	1
11	12	13	22	21	1
12	13	14	23	22	1
13	14	15	24	23	1
14	15	16	25	24	1
15	16	17	26	25	1
16	17	18	27	26	1
17	19	20	29	28	1
18	20	21	30	29	1
19	21	22	31	30	1
20	22	23	32	31	1
21	23	24	33	32	1
22	24	25	34	33	1
23	25	26	35	34	1
24	26	27	36	35	1
25	28	29	38	37	1
26	29	30	39	38	1
27	30	31	40	39	1
28	31	32	41	40	1
29	32	33	42	41	1
30	33	34	43	42	1
31	34	35	44	43	1
32	35	36	45	44	1
33	37	38	47	46	1
34	38	39	48	47	1
35	39	40	49	48	1
36	40	41	50	49	1
37	41	42	51	50	1
38	42	43	52	51	1
39	43	44	53	52	1
40	44	45	54	53	1
41	46	47	56	55	1
42	47	48	57	56	1
43	48	49	58	57	1
44	49	50	59	58	1
45	50	51	60	59	1
46	51	52	61	60	1
47	52	53	62	61	1
48	53	54	63	62	1
49	55	56	65	64	1
50	56	57	66	65	1
51	57	58	67	66	1
52	58	59	68	67	1
53	59	60	69	68	1
54	60	61	70	69	1
55	61	62	71	70	1
56	62	63	72	71	1
57	64	65	74	73	1
58	65	66	75	74	1
59	66	67	76	75	1
60	67	68	77	76	1
61	68	69	78	77	1
62	69	70	79	78	1
63	70	71	80	79	1
64	71	72	81	80	1




