Cables to test STAP90
81		1		1		1
1	1	0	1	0	0	0
2	0	0	1	0.5	0	0
3	0	0	1	1	0	0
4	0	0	1	1.5	0	0
5	0	0	1	2	0	0
6	1	0	1	0	0.5	0
7	0	0	1	0.5	0.5	0
8	0	0	1	1	0.5	0
9	0	0	1	1.5	0.5	0
10	0	0	1	2	0.5	0
11	1	1	1	0	1	0
12	0	0	1	0.5	1	0
13	0	0	1	1	1	0
14	0	0	1	1.5	1	0
15	0	0	1	2	1	0
16	1	0	1	0	1.5	0
17	0	0	1	0.5	1.5	0
18	0	0	1	1	1.5	0
19	0	0	1	1.5	1.5	0
20	0	0	1	2	1.5	0
21	1	0	1	0	2	0
22	0	0	1	0.5	2	0
23	0	0	1	1	2	0
24	0	0	1	1.5	2	0
25	0	0	1	2	2	0
26	0	0	1	0	0	0
27	0	0	1	0	0	0
28	0	0	1	0	0	0
29	0	0	1	0	0	0
30	1	0	1	0	0	0
31	0	0	1	0	0	0
32	0	0	1	0	0	0
33	0	0	1	0	0	0
34	0	0	1	0	0	0
35	0	0	1	0	0	0
36	0	0	1	0	0	0
37	0	0	1	0	0	0
38	0	0	1	0	0	0
39	0	0	1	0	0	0
40	0	0	1	0	0	0
41	0	0	1	0	0	0
42	0	0	1	0	0	0
43	1	0	1	0	0	0
44	0	0	1	0	0	0
45	0	0	1	0	0	0
46	0	0	1	0	0	0
47	0	0	1	0	0	0
48	0	0	1	0	0	0
49	0	0	1	0	0	0
50	0	0	1	0	0	0
51	0	0	1	0	0	0
52	0	0	1	0	0	0
53	0	0	1	0	0	0
54	0	0	1	0	0	0
55	0	0	1	0	0	0
56	1	0	1	0	0	0
57	0	0	1	0	0	0
58	0	0	1	0	0	0
59	0	0	1	0	0	0
60	0	0	1	0	0	0
61	0	0	1	0	0	0
62	0	0	1	0	0	0
63	0	0	1	0	0	0
64	0	0	1	0	0	0
65	0	0	1	0	0	0
66	0	0	1	0	0	0
67	0	0	1	0	0	0
68	0	0	1	0	0	0
69	1	0	1	0	0	0
70	0	0	1	0	0	0
71	0	0	1	0	0	0
72	0	0	1	0	0	0
73	0	0	1	0	0	0
74	0	0	1	0	0	0
75	0	0	1	0	0	0
76	0	0	1	0	0	0
77	0	0	1	0	0	0
78	0	0	1	0	0	0
79	0	0	1	0	0	0
80	0	0	1	0	0	0
81	0	0	1	0	0	0
1		81
1	1	0
2	1	0.0625
3	1	0.125
4	1	0.1875
5	1	0.125
6	1	0
7	1	0.125
8	1	0.25
9	1	0.375
10	1	0.25
11	1	0
12	1	0.125
13	1	0.25
14	1	0.375
15	1	0.25
16	1	0
17	1	0.125
18	1	0.25
19	1	0.375
20	1	0.25
21	1	0
22	1	0.0625
23	1	0.125
24	1	0.1875
25	1	0.125
26	1	0.0625
27	1	0.1875
28	1	0.3125
29	1	0.4375
30	1	0
31	1	0.25
32	1	0.25
33	1	0.75
34	1	0.5
35	1	1.25
36	1	0.75
37	1	1.75
38	1	0.5
39	1	0.125
40	1	0.375
41	1	0.625
42	1	0.875
43	1	0
44	1	0.25
45	1	0.25
46	1	0.75
47	1	0.5
48	1	1.25
49	1	0.75
50	1	1.75
51	1	0.5
52	1	0.125
53	1	0.375
54	1	0.625
55	1	0.875
56	1	0
57	1	0.25
58	1	0.25
59	1	0.75
60	1	0.5
61	1	1.25
62	1	0.75
63	1	1.75
64	1	0.5
65	1	0.125
66	1	0.375
67	1	0.625
68	1	0.875
69	1	0
70	1	0.25
71	1	0.25
72	1	0.75
73	1	0.5
74	1	1.25
75	1	0.75
76	1	1.75
77	1	0.5
78	1	0.0625
79	1	0.1875
80	1	0.3125
81	1	0.4375
9		16		1
1		3E7	    0.3     
1	1	2	7	6	26	32	39	30	31	1
2	2	3	8	7	27	34	40	32	33	1
3	3	4	9	8	28	36	41	34	35	1
4	4	5	10	9	29	38	42	36	37	1
5	6	7	12	11	39	45	52	43	44	1
6	7	8	13	12	40	47	53	45	46	1
7	8	9	14	13	41	49	54	47	48	1
8	9	10	15	14	42	51	55	49	50	1
9	11	12	17	16	52	58	65	56	57	1
10	12	13	18	17	53	60	66	58	59	1
11	13	14	19	18	54	62	67	60	61	1
12	14	15	20	19	55	64	68	62	63	1
13	16	17	22	21	65	71	78	69	70	1
14	17	18	23	22	66	73	79	71	72	1
15	18	19	24	23	67	75	80	73	74	1
16	19	20	25	24	68	77	81	75	76	1

